100
42769088077049
2703704403654550
-2076463449319226
8094049373779495
2087939467691755
2212799955305830
8646001195385337
-1820137543197435
-4865812994586162
-1781003701759927
4542732532988033
-2357817018135915
1173368207717412
7027660210366636
9173003465102833
6753965929354334
1686602389346391
1252140840068463
2567141682133903
-3988984895971182
-3723494327487496
-7707405672883169
206171352562237
5329264167968745
-4648236327331659
2638972254372728
5002792649721592
749040526399055
-2011720192818164
1453930154928852
3722435772124553
-6061779479664516
-9063270366265464
-5818617278827218
-8921713802644954
2291692007169906
791215825774587
-5547728058544523
-7946688562686665
-1524539055115777
9185816415242171
7529572485195769
-6280746126454615
-1086551953884527
-7667932344160840
2892025135675024
2405911162702731
-7319191681777204
2135112214279924
4237431659362353
-90358514588777
-5502115531010336
207094129310803
3628203796342732
-5052637389408916
8065993816834399
7511441031450949
-3349736240664775
-9305295907426324
2949274133812051
-3664535036576987
-4515529129769581
-1104380831914351
6640393764445263
8236338259420622
1839003271121737
1801215433144400
-8636993161039286
-3126576928245398
6854824864259815
1957506045095223
-4146174848732294
3045498251017177
3899581101341339
8237686600227018
-3548712638619305
4859968474856991
8963697989448979
-6614886480679326
6665132126975656
-4891514406150862
8003280420649355
-8990819329643349
4332919353807785
-4453987849698656
5112625007084574
-6282563551144369
-8795921400174809
3677790332399300
7280437596003714
5574351020504072
-7124179244752572
2301877350681857
458668848586199
-1261269944283506
-7451929519354046
4951074707350606
-3716005946449446
-8192497511717737
-4057865869368029
