1000
-6715522068943234
-1249003260500997
-2802453584286772
-5652766086636528
-5545940253749136
-4196153095753603
2505521937904748
-5696040914411195
2974550681308829
-2291930844625655
8936314643688225
3859330014735870
-5068847662025169
-5060631265495365
-6398400066087286
3350094058395422
8496447529325222
6076080435146407
-403647029005368
4430577023201663
7691292995667982
-3243859946903209
-7696277345607250
-2949718819836166
-9241200568978418
7049368632714710
6563534448749699
-3384622468482223
-1241209987073970
316288396707150
-6663819943856851
8076320885748561
-4411554017264581
6187060813872782
-7915860420194647
-431862744507067
3568661703927611
-5921378146721519
2475046187566789
2513196039879853
3103544621176337
2925369042152005
6380174188990026
2816838205109006
-2427768727544602
3289907216833213
-4893875001448083
849837821043771
-738727297577098
-5215629136658951
-1199038687273732
-5684056124987420
-9065130823297004
-2833591371845856
-6630044005493721
8197229090280955
-7883399661101952
2620759305077671
4410299183581476
-4740315732237636
5929614745750756
2000726957822881
8399960533909017
8637673206668937
-7301127429450739
4851894914702213
1023554198243031
-8126189791763961
-5826931731284057
189482975373662
9340806192088592
5445799635291492
2366248290650199
7794345501985917
-7438958881167790
-4786168830184538
-9193998500579140
2083070261869865
2688643668888316
5791196745706884
3337213049247251
8442530793510232
-1279453406027825
9325414126718639
-1088606603333288
1588599578883241
8729585815746264
-7179551315002139
-1742410316210820
2693220316548547
2875656238612402
6346904876732384
5126662279179249
-3446582064747273
7942708567706381
-3677784790558275
7909064387288845
-8668459511117973
6168151414552908
4237102382337172
-5566740014097344
2476073215879056
2877412965725902
-6645089481674429
8276650852973563
-5630339919371478
-4092876772855091
-7335330752175130
3962524783038775
-3192354527930669
-4329372530815487
-653683620659356
4156246382800325
-5540162472127465
-1922596035794808
-5568293176844577
-2314515184780890
6472923477203666
3977245792480493
-2160754322788539
-6453500934903561
7961581793070192
6924175030802879
3267524260474190
6964176617166057
5725584602729242
7362813595131745
51395617646822
-8857957740292329
-4655983164833590
7879526023718403
4989239743728415
238184235053700
7192865880395475
420221739247627
9218093011153742
-2815176887205288
7202272778637563
9304047288297153
-9184695655432838
-6352252274240437
7641065130930503
-2571633844096066
-8885197436375639
1290451495776113
1226093107289291
6852245907958280
9107681563275117
-7691516337467298
-9062612658765008
857179357391572
-6615951953162568
-1502261329341219
-2569556186483862
59002882009745
-5849201937532094
-1679430845390559
6257458157284478
-1676890728525851
1188304349758637
4767913539627256
-856381428404628
8697324493206554
444868419651457
5562939862339193
929815904255728
7297159174768922
-5508633633992372
-6572735413684635
7051428391040285
7522227167350883
-7529031813753470
-9280696562022941
1328793316211299
1079944577686894
152038021812523
-2371443622773849
6524165828966004
8405282091586206
-6453485493475227
4342714446787116
9158271802381177
-6195532232996902
-2174331083360242
-1873473032300024
523101196574849
8374740491112405
6972841608382174
8834069042761923
2064905401732604
5297068154696317
-7740536748454253
3508854418817620
-2365970740195458
6189331223267545
-6240147261637335
1093875742749830
2845982085744923
8161780231024808
1696201784731219
-973618796055894
7740202970947757
-2552720501149887
-4704714468796946
3883381274555641
-3721242754637137
55369463155665
6019379420562578
-6569320953533454
5842175843036899
-8527249642780882
7514182994367279
-6107132447406562
-7741119964586739
380526199938911
-3235597731483268
6088913749027528
5583488581691458
1013891845018976
5147652462218992
585067316973421
-3550477400987728
397831289939382
6322445373086997
3739381374394437
1655434393857340
-8866987972957388
2486028099750425
-7537900346066343
6469047406457765
-3265107248998154
-5065655630293829
-1240240489859075
7049321476195469
3069715726752900
-3800541835124835
4819368680573416
-499337837504625
-6470459175303695
7037988098097368
-7151290400184838
2586122925258499
6218478313086423
8532185742512318
4407515149942721
-1386944704550197
7876302459225188
5620550560317304
6775898193085146
6575446875050514
-2505405679985664
5746419833622359
-5384759128359565
1723656372025166
6811690407535876
9061899013611153
9107837778786124
1315678830586580
-7732792584507970
-7073068497312767
-7603427641029683
8376817348666863
-5341684740203972
-3784553953939359
-675446974803872
5504892191781111
1597769994216839
-5805476575703522
5199296780310500
-2321758311223453
425851390674770
-5643261576060697
-1758601009859889
-133894090629403
-9019737535923875
-1345471113128131
7533998966056223
3810437423732365
-7694203752395171
-9257664194722787
-1822010979246310
4006297046294568
52162984491875
-269734638402345
4963699745075778
290222997063822
-8903150767085979
2970853436292829
5365387283114869
-6183792619858561
1168908231758632
9107946288419726
-9351186655197779
-2972947214225057
-6159272465564764
2787697957772937
6602599996506065
-860091322769163
3852085193819953
-3820393277619433
9008453164388294
3503318512584805
-3606964472749207
-8578052759007130
9151161058461553
-6694734329225476
2276178211154709
195497941731073
-3129835173807221
-665678162990648
-1399925822368720
8869593526497608
4767205470321952
-6373447015074033
-4775786029443189
-3232379995060153
-9158756833400587
-4875496420973175
3466453185125714
6728965865841472
4572144376533849
-6031534979009681
2101490477450202
1359665669474895
903731755980856
4396763316578714
-611149156302896
-6472551594891778
-5466991801520227
-3613844807200232
4710161459754000
2401392683095845
-9369435888800833
-2710193439634950
661424655544188
7915567847368612
-8010431242905934
9357476270785813
8094674992219515
3746283214107044
5544513401865598
547644366702883
6031382783075853
818388627305641
2982081809240032
6197906413275472
-7166046718987151
-4895537899505853
2430906717511313
392634001411899
3543922223441930
-1477110879889907
2803622720547364
1132205636099431
7514759560411880
2207871996683500
-2826273898513587
247684432501598
-1488401155835378
3747891646486664
-9158443836374585
833588349163118
-6074539791702000
4090149554979615
5144855989970046
7126086130601948
-7764999038765300
8092115485844305
-2714222079785343
-4498779430124805
-1199525443126294
-4442332573877856
7063684604534415
-9341261610328977
-8115645327404509
1863857859222450
-7921119424707087
-1684917370662514
7679018864831637
-6094334116723733
-2081318510429324
3785519236358104
8853608510767706
1048994993253593
-1020762858353200
-9368106459472491
5818993621857045
7712617786845437
3804309615900926
2261857390102464
-751057726076118
6095737163579319
3229748782570799
-1447196055090757
-659374930082314
-8705744743657201
-6066007121274854
-4203638168803325
-8849958921368018
-7639445894619535
-2870368359389312
1615349317971438
-4030727169521480
6642108074674414
2877779563347822
-507457779051361
2978345803636088
3817045802768944
1787906175687756
3564589983776336
-6464272997073855
801157937908979
6078123784722093
7896392315520172
3879054132412589
-5037932811544571
6812968853051340
1611832857229381
-165557801991572
-1780320450457207
-1499055427201368
-9213955708031989
-3260120591005060
-9100274563162867
8650753720089074
-5089477572732628
7290883621257501
-6483590537038075
-4874798170744716
-7000972889670241
1488720959351919
1807070626138377
7844264653771443
-2599170330403544
-1505652896897029
-5399031343184116
-7411540708024395
5537395834850051
-7034939849061161
-3431982834442696
2202015514507057
2915659105459600
5154248088139362
-6782031099375161
-8682211658412157
432932324993264
-5683085823856816
5685648872049126
4869440466284673
-8671372419419779
-4795942734219765
2526060073213646
8762610068636607
-1717027744836124
-1908807099016838
8132221521301566
-1184527737203178
-4243209573889811
-3703630780067696
5656547628419021
-4389625735383787
-97850822798566
-4825973497832413
1628508782152975
6012898959599482
4553832067349444
5114049967561449
4005746519716048
-4797336224090567
9299207805077026
1762373782817894
-8821311770961427
3981529682278699
-3179480133288042
-6928463446071665
8328570009152920
2702580834589783
-9147219246867030
5689411882254762
-917689873385968
795611996206082
582455148654930
-3347541903785797
56133769282274
5121178077026590
7863679032290766
4688558391244968
-1272007733701148
-5547840450546735
-5215338748990554
1115018093873606
-1839248331819625
6530103645174086
4860371871665796
419332301714298
9113658275625723
3632233602760386
2788525355379945
-8470787935180217
4106844107966124
9118375286672985
-3768033718419845
-1252095691119775
5837534393144391
6571535567154174
2678426444335049
3200860505917563
-581948396300872
7446989170598459
-8397589052814138
-4244126095837878
-1693781899128618
7934600027452624
-6072566686607578
533873815972674
3291857421498232
7767233028624875
7949577193184239
9261815395331175
-6599556671934536
-1207550031676259
-2852534090305830
-5767216233170939
-995160010033190
5638406100317342
4497616477854787
1004172849735229
-5699100191321508
7823002394537628
4890847784214123
38862810221029
6309056565807596
4581585022908937
2090260936822490
-2953760470362983
-6911921306657404
-1219605584811150
3327227012261098
3204408723392632
4516407182653789
2635989926058588
5327169324515248
1306598624475924
9096922044246319
1066278372792499
-506623403927511
1106689701208165
5578465601726626
5123152814730833
4178313202430693
-1808757165000902
6050780406248032
-7270324173616829
635930887342471
3807398685732018
2074369327926721
-1806296610008722
-3457593976465443
-5938293826599246
140112048693126
-7448968554544480
7705095188534337
2273372625041512
7463204204340737
-6034163774210491
6101048838514443
-5016930112528780
-6621755025671483
-69477598735287
3096467430229754
-7914363408083680
6149477711111485
-5145664798957587
-7516133430606472
210379990946055
2037693081937242
3459560073134583
-4661976002264688
9246071486753100
-4806814381308201
-8812042341324725
-5033489320262138
-9000623500088994
-8797367643370389
5409253220493033
-9103709023399125
-6040088011712648
-992394448407316
6743009510807524
-5374450625365435
-2759419552458252
-4245362178167116
2274824444168545
-982488027276057
1273210189598015
-5371095788865895
9145247628941239
3692268327958249
8475969478130071
-8804525677913401
-5052434496362335
-4801042365163316
-7899379561315746
6967640063513348
3800794361688543
7255915687187136
-1117371127435421
7963578560082334
-6779364879895351
-7775733229101205
89484053221646
2736740428470824
-5464717712826266
-238870653189324
-460283563514201
2094219994216922
6595568958668666
-1956845877372869
5833549859801670
-1150830825723914
9015168756162601
-5649002840560872
-4134851554775868
5468519353570139
6133609422605708
1643167909685667
-4036718536584620
-1923758546497593
4640182564753124
-8408825408438397
-6367456545951321
-7998357517940268
-8783446641546565
7286239995711340
8834923593903030
-2410298617538723
-1263614435873143
3602098445087330
-9220243543218402
1675076235391757
3507160615834470
-8220450561245557
651158705227067
-7931025827370311
7516759800642553
7964888909704277
-8453718974596793
-8953369899084930
-7769489850688441
-9251859212430969
-2899482437530021
-996811090535083
5114115567331773
-3697287614582026
-1885515950966319
-4520448096324059
7106300421638320
6368062393071185
-6799684656009301
-1828274319532195
4794087163373991
7307889579080674
2385691655253152
449563471568641
7721739262880080
-8637282631918259
910687121355553
3527237666599929
3300060082511999
343612560273973
-7009806588117364
-1178940175345495
-380245701728889
2446532807182096
-1944034877993508
901409565865290
-6575256641515134
214475583525762
-4988032287080771
1476775156278613
7979209714240443
5741782678729001
-5681160042351293
1652025882745028
-7883809492970113
3400262575346296
-7940294694096051
-6311709628148294
-3186868792375818
1578989844084177
-3693069452181601
1820240921109092
-8648789247038322
-4284618892300155
-8333511162888433
2120951397299821
8753870901655540
-341385645624253
-3640463848877552
-3634048041313316
7047737832555488
-5983612075292472
6769176325763428
-2371994257395252
1112740385075487
6514432181587703
-8088493411950318
9089897963050866
4229575832816354
1911123801464969
4559135279025860
5372835739288010
-6979237374645733
-6759486742190688
2968338908998084
465952564052046
-3265606853062948
-2031892510097458
-7571126180094221
6271994319904677
-582815956052644
7212145343380952
1846318989260356
499065489895382
6796732242387687
3856896484161787
5514682877553377
-2173305477273603
-4365235897292270
-7912701829521539
-9142123777198918
-6242909148521651
6650191639274571
5418770007985645
4123728224344910
-9110512951693093
-786600693536297
-2401631038630061
-3473548747799409
-5252299531547988
584164275107858
4324811965528671
-5854008667948338
-5472480411564202
-2223619109800459
-3124395339655258
5949848421309252
7615434397190220
4478490096938091
8840521844315662
-3963783602962760
-1304469310879305
9134341696076129
3139229516472682
7452580117228382
683261765561796
4498557407310737
2569570837451523
-6260176202922439
8660575142894357
-9155849865440866
-9210321617572080
-2687750921533440
1524199848053026
-1445182690035982
-1710174208303098
-3730298834935229
8657020377022137
-5955082674614219
-4942631553995987
-8819566199746449
1947923482421368
-3417374145106942
-2611308055046275
-1184911798291493
2952402666176314
373958825223633
-8702318904867623
726357976821289
3348373933243024
9046274429034853
9161847484913914
111621772527568
5812537810982234
-3052268813444120
-1657227386937491
7554742293624055
9155370056752750
3888647046813637
-9069652281794210
-6714292630012171
3288473489951812
-3599845306183167
-4602732912764529
-4005696188135496
-7586760050970150
1881916409744567
-3439695274105094
-2045364909895022
4361120234189991
-856068488983510
5579639246306470
-10696433351594
-4306531308635471
3733867693573719
-740451540626570
5871901499531812
-6160358610736312
-3950274636386030
3814141833890776
-3627952748878309
2818926236408957
-5762378695872024
6814329675734156
-8069908158635268
-4971853880883573
-6965891837881558
-1107876240451911
-7701351927912307
5137048940722586
5563874617325981
-2681790565932125
-4034772856847549
-4109559436948384
1259205933209777
-7147852055451373
-4833956996310628
7704768079765512
4036632665403834
-575257308037384
8845806003941956
4519346014760557
5160785932520344
921530698649219
-2983481703464561
7599451613651873
3956910763429869
-1190650669451111
-1718533548163694
-4719569840257151
-5757852291131900
4230135955184113
-6671573016578746
1065589030395396
-1342273435005624
7500174223207023
4862153996592985
43816029641020
1158038737556022
-3897536529850541
-3570621102690585
-9248367273101302
-1205855167211793
7637193535908941
2153810667619925
-9334079864236222
1034014278242618
2445964923948244
7308643956912786
6841676593735737
1352201617208306
-4328003512795397
9193633273602495
-8269646544940241
-1412436393535660
-3003978729989097
253955621709958
5366743066917428
5910143384274948
7480302481263377
6735247874557915
-4732605437187064
6702747801012438
-6558941505405256
-4438802188151526
-389205103554835
7142302470273121
-2732235756910624
4441000736104915
-7869718020398005
8193816680465170
-3993554391517865
8149346006474735
1813576552911027
-1700630417788412
-8292304132673473
8837171819995594
-8485748696102558
-8542422860018422
4766708830661629
-3084554357240715
-3581968765620287
-6730784227479762
7401197929842142
-1646295925376126
6084056890658998
8659133681402491
4741604987653891
-6721898522930891
1879304922659730
1854876984029147
-6736611999562849
-5205055175902882
-1060627784045594
7311728496427804
157936615577274
-6708511017007457
2786604856134179
-8159700164539928
8572451820055855
5830730096661401
-5201446342169935
4473370110086095
-6537000505205427
-7213327921464662
3809845263340930
-3658138055368790
-731873563977901
9149298623848396
-8089280672299116
4189167988390505
-970402718441951
2563817237916474
-272086319384437
7852193931167414
-7754504200634334
1791288927454697
8040636089823561
-4202862513561024
-2861226273572229
8461611276589732
3294489830848787
-220918286905760
182919756822031
-9355948894088838
-5274494636053115
-3619852798003824
8329826207250980
8311487709220713
-1942250823175915
-6811811452412563
-5228772562435665
-7922893191128239
-5616015074014340
-3937618690261925
4926747618441312
5278526876910706
-3104888372163135
3348131737102246
-5409345263013021
-3631611811912731
-5168013399174994
-2881258510804869
-9170752906007806
4681528324465157
-3283879519371853
-30346499953251
-7846175222228084
-7731731656983053
5461003988932739
-2991547015750590
849834287852197
3861405996986849
558838424881245
-7141305655010583
-7227073087591832
1357640447733198
-8965213183599189
-3611870634529627
687834977535183
-9217206626250524
-170397039821625
3813677976647464
4367810917745339
3431611823336346
-8854612361533305
-1763766617336494
-4493476169133053
1471747120340382
4696398365975263
-4843290533727765
2535911589205875
-2143128323011476
-8360837297533746
-651656848194435
-7947386716327718
-8240107111823248
-2155970758760622
623091234949580
405032339811928
8020969682327774
-765175037410142
-5639278396899452
8872258284547036
-890532441184661
1101347440997077
6279551276599814
3252051417616985
-3505181952133561
6442910645362145
